1409204808254.487061
1409204808345.993896
1409204808429.265137
1409204808580.234131
1409204808721.337158
1409204808878.710938
1409204809045.634033
1409204809208.144043
1409204809335.809082
1409204809476.537109
1409204809609.888916
1409204809749.975830
1409204809888.958984
1409204810030.719971
1409204810160.250000
1409204810284.843018
1409204810401.252930
1409204810534.437012
1409204810684.895020
1409204810815.246094
1409204810942.095947
1409204811073.792969
1409204811225.471924
1409204811377.451904
1409204811514.084961
1409204811666.427002
1409204811795.856934
1409204811918.909180
1409204812044.593994
1409204812231.995117
1409204812359.642090
1409204812497.701904
1409204812627.938965
1409204812761.152100
1409204812888.607910
1409204813021.666016
1409204813149.444092
1409204813284.080078
1409204813411.148926
1409204813535.706055
1409204813655.838867
1409204813804.187012
1409204813947.267090
1409204814072.770020
1409204814189.552979
1409204814312.455811
1409204814429.538086
1409204814573.210938
1409204814704.812012
1409204814850.307861
1409204814989.036133
1409204815121.423096
1409204815248.385986
1409204815383.050049
1409204815510.351807
1409204815645.062012
1409204815774.266846
1409204815909.607910
1409204816037.105957
1409204816162.572998
1409204816278.673828
1409204816412.784180
1409204816540.488037
1409204816667.200928
1409204816782.996826
1409204816928.349854
1409204817067.254150
1409204817201.455078
1409204817329.226074
1409204817453.454102
1409204817569.325928
1409204817713.166016
1409204817853.503906
1409204817973.484131
1409204818089.126221
1409204818225.568115
1409204818353.135986
1409204818487.885986
1409204818616.271973
1409204818739.099121
1409204818855.177002
1409204818987.019043
1409204819115.138916
1409204819247.750000
1409204819376.075928
1409204819499.812988
1409204819616.626953
1409204819767.077881
1409204819913.864990
1409204820037.847900
1409204820157.469971
1409204820297.854004
1409204820426.014893
1409204820574.109131
1409204820701.780029
1409204820828.141846
1409204820944.159912
1409204821076.719971
1409204821208.098877
1409204821342.129883
1409204821470.787109
1409204821597.542969
1409204821726.701904
1409204821876.370850
1409204822015.018066
1409204822134.760010
1409204822252.615967
1409204822388.699951
1409204822518.039062
1409204822653.996094
1409204822781.341064
1409204822910.581055
1409204823028.122803
1409204823179.711182
1409204823319.327148
1409204823470.844971
1409204823607.134033
1409204823747.322021
1409204823876.917969
1409204824004.813965
1409204824121.095947
1409204824253.639893
1409204824385.452881
1409204824518.897949
1409204824648.742920
1409204824785.126953
1409204824913.657959
1409204825048.346924
1409204825177.484131
1409204825310.384033
1409204825438.807861
1409204825710.527832
1409204825981.558105
1409204826247.625977
1409204826504.643066
1409204826872.645996
1409204827234.649902
1409204827524.925049
1409204827837.423096
1409204827989.705078
1409204828128.875977
1409204828449.919922
1409204828769.609863
1409204829140.427002
1409204829438.383057
1409204829538.533936
1409204829630.945068
1409204829776.468994
1409204829915.445068
1409204830024.912109
1409204830135.443848
1409204830249.845947
1409204830367.853027
1409204830485.883057
1409204830598.642090
1409204831240.295898
1409204831376.042969
