0.592108843
1.195827664
1.602176870
1.996916099
2.461315192
2.960544217
3.541043083
4.237641723
7.883174603
8.034104308
8.301133786
8.707482993
9.055782312
9.415691609
9.822040816
10.344489795
10.913378684
11.586757369
15.232290249
15.418049886
15.673469387
16.137868480
16.335238095
16.544217687
16.729977324
16.927346938
17.113106575
17.298866213
17.496235827
17.681995464
17.867755102
18.076734693
18.250884353
18.459863945
18.634013605
18.819773242
19.284172335
19.690521541
20.108480725
20.549659863
21.072108843
21.617777777
22.058956916
22.291156462
22.558185941
23.498594104
23.719183673
23.928163265
24.125532879
24.369342403
25.774149659
25.983129251
26.726167800
27.237006802
27.713015873
27.945215419
28.270294784
28.815963718
29.454512471
30.487800453
30.580680272
30.731609977
31.161179138
31.370158730
31.579138321
31.753287981
31.962267573
32.171247165
32.577596371
32.763356009
32.960725623
33.146485260
33.309024943
33.518004535
33.703764172
33.877913832
33.959183673
34.330702947
34.725442176
35.120181405
35.561360544
35.979319727
36.385668934
36.548208616
36.850068027
37.047437641
37.302857142
37.767256235
38.231655328
38.638004535
38.858594104
39.090793650
39.543582766
40.031201814
40.449160997
40.669750566
40.901950113
41.389569160
41.842358276
42.341587301
42.585396825
42.898866213
43.398095238
43.943764172
44.175963718
44.373333333
44.593922902
44.814512471
45.046712018
45.267301587
45.464671201
45.685260770
45.882630385
46.091609977
46.288979591
46.509569160
46.718548752
46.927528344
47.124897959
47.333877551
47.531247165
47.740226757
47.949206349
48.158185941
48.367165532
48.564535147
48.773514739
48.982494331
49.191473922
49.388843537
49.597823129
49.830022675
50.259591836
50.689160997
50.874920634
51.095510204
51.316099773
51.548299319
51.768888888
51.966258503
52.163628117
52.395827664
52.581587301
52.813786848
53.011156462
53.231746031
53.452335600
53.649705215
53.858684807
54.056054421
54.241814058
54.439183673
54.648163265
54.857142857
55.077732426
55.275102040
55.472471655
55.693061224
55.902040816
56.099410430
56.528979591
56.981768707
57.353287981
57.597097505
57.643537414
57.736417233
57.945396825
58.189206349
58.386575963
58.595555555
59.025124716
59.303764172
59.396643990
59.605623582
59.814603174
60.023582766
60.232562358
60.429931972
60.615691609
60.894331065
60.998820861
61.184580498
61.393560090
61.602539682
61.799909297
61.997278911
62.206258503
62.403628117
62.600997732
62.798367346
63.030566893
63.448526077
63.820045351
64.214784580
64.435374149
64.644353741
65.050702947
65.259682539
65.445442176
65.724081632
65.816961451
66.037551020
66.246530612
66.455510204
66.652879818
66.850249433
67.059229024
67.256598639
67.453968253
67.662947845
67.883537414
68.104126984
68.313106575
68.510476190
68.731065759
69.172244897
69.369614512
69.648253968
70.193922902
75.058503401
75.232653061
75.488072562
75.964081632
76.173061224
76.382040816
76.579410430
76.788390022
76.974149659
77.368888888
77.566258503
77.752018140
77.960997732
78.158367346
78.367346938
78.553106575
78.727256235
78.785306122
79.168435374
79.563174603
79.969523809
80.387482993
80.851882086
81.281451247
81.711020408
81.920000000
82.152199546
82.639818594
83.289977324
83.522176870
83.707936507
83.940136054
84.381315192
84.625124716
84.822494331
85.043083900
85.228843537
85.437823129
85.658412698
85.867392290
86.087981859
86.296961451
86.517551020
86.726530612
86.958730158
87.156099773
87.399909297
87.620498866
88.108117913
88.967256235
89.431655328
89.547755102
90.012154195
90.232743764
90.418503401
90.615873015
90.813242630
91.022222222
91.207981859
91.416961451
91.625941043
91.823310657
92.043900226
92.229659863
92.450249433
92.624399092
92.821768707
92.903038548
93.274557823
93.680907029
94.075646258
94.516825396
94.946394557
95.352743764
95.550113378
95.805532879
96.014512471
96.281541950
96.734331065
97.187120181
97.605079365
97.814058956
98.046258503
98.475827664
98.696417233
98.905396825
99.334965986
99.532335600
99.741315192
99.950294784
100.170884353
100.368253968
100.588843537
101.006802721
101.204172335
101.447981859
101.668571428
101.912380952
102.156190476
102.434829931
102.899229024
103.108208616
103.363628117
103.804807256
104.002176870
104.211156462
104.489795918
104.594285714
104.838095238
105.023854875
105.244444444
105.441814058
105.650793650
105.848163265
106.068752834
106.126802721
106.231292517
106.440272108
106.626031746
106.858231292
107.055600907
107.241360544
107.461950113
107.659319727
107.833469387
107.972789115
108.088888888
108.263038548
108.495238095
108.704217687
108.889977324
109.098956916
109.505306122
109.702675736
109.923265306
110.155464852
110.352834467
110.538594104
110.759183673
111.362902494
111.571882086
111.757641723
111.978231292
112.175600907
112.384580498
112.593560090
112.651609977
112.756099773
112.965079365
113.174058956
113.383038548
113.592018140
113.766167800
113.986757369
114.172517006
114.369886621
114.636916099
114.799455782
115.020045351
115.229024943
115.426394557
115.635374149
116.459682539
116.854421768
117.283990929
117.492970521
117.690340136
117.899319727
118.108299319
118.328888888
118.537868480
118.723628117
118.932607709
119.153197278
119.222857142
119.350566893
119.547936507
119.756916099
119.965895691
120.163265306
120.349024943
120.569614512
120.766984126
120.975963718
121.405532879
121.835102040
122.206621315
122.520090702
122.821950113
123.030929705
123.239909297
123.437278911
123.634648526
123.832018140
124.110657596
124.191927437
124.412517006
124.609886621
124.818866213
125.027845804
125.213605442
125.422585034
125.701224489
125.794104308
126.003083900
126.223673469
126.444263038
126.641632653
126.827392290
127.047981859
127.245351473
127.465941043
127.930340136
128.406349206
128.963628117
129.532517006
130.031746031
130.101405895
130.774784580
131.297233560
131.854512471
132.376961451
132.922630385
133.363809523
133.781768707
134.280997732
134.791836734
135.267845804
135.790294784
136.335963718
137.404081632
137.891700680
138.274829931
138.332879818
138.425759637
138.855328798
139.319727891
139.795736961
139.993106575
140.248526077
140.736145124
141.223764172
141.722993197
141.943582766
142.199002267
142.686621315
143.174240362
143.696689342
143.940498866
144.219138321
144.753197278
145.380136054
146.158004535
146.308934240
146.471473922
146.970702947
147.017142857
147.458321995
147.945941043
148.363900226
148.433560090
148.921179138
149.397188208
149.919637188
150.407256235
150.476916099
150.952925170
151.440544217
151.951383219
152.473832199
153.019501133
153.611609977
154.203718820
154.447528344
154.749387755
155.271836734
156.363174603
156.606984126
156.908843537
157.489342403
158.185941043
158.789659863
159.091519274
159.439818594
160.055147392
160.798185941
161.541224489
161.959183673
162.481632653
163.363990929
164.490158730
168.112471655
168.936780045
169.610158730
170.504126984
172.651972789
172.710022675
174.033560090
