0.278639455
1.927256235
3.587482993
5.294149659
6.896326530
8.579773242
10.298049886
12.016326530
13.630113378
15.232290249
16.915736961
18.599183673
18.645623582
20.305850340
22.000907029
23.730793650
25.414240362
27.120907029
28.757913832
29.640272108
30.499410430
32.182857142
33.041995464
33.912743764
35.596190476
36.478548752
37.314467120
39.021133786
39.938321995
40.774240362
42.550566893
43.398095238
44.292063492
44.721632653
45.174421768
46.056780045
46.939138321
47.798276643
48.645804988
49.481723356
49.934512471
50.364081632
51.223219954
52.093968253
52.964716553
53.847074829
54.288253968
54.729433106
55.135782312
55.994920634
56.424489795
57.318458049
58.165986394
59.013514739
59.466303854
59.930702947
60.325442176
60.755011337
61.184580498
61.614149659
62.043718820
62.450068027
62.856417233
63.285986394
64.121904761
64.528253968
64.957823129
65.375782312
65.805351473
66.223310657
66.664489795
67.082448979
67.523628117
67.953197278
68.394376417
68.812335600
69.241904761
69.659863945
70.101043083
70.542222222
70.995011337
71.412970521
71.830929705
72.713287981
73.607256235
74.013605442
74.431564625
74.872743764
75.290702947
75.708662131
76.126621315
76.567800453
76.974149659
77.426938775
78.274467120
78.692426303
78.738866213
79.133605442
79.551564625
79.969523809
80.399092970
81.258231292
81.676190476
81.873560090
82.094149659
82.906848072
83.336417233
83.765986394
84.392925170
84.601904761
85.008253968
85.228843537
85.855782312
86.099591836
86.494331065
86.703310657
86.900680272
87.504399092
87.713378684
88.119727891
88.328707482
88.526077097
88.735056689
89.361995464
89.965714285
90.383673469
91.637551020
92.043900226
92.450249433
92.868208616
93.274557823
93.471927437
94.296235827
95.317913832
95.735873015
96.142222222
96.571791383
97.187120181
97.593469387
97.802448979
98.394557823
99.033106575
99.253696145
99.671655328
99.857414965
100.275374149
100.658503401
100.855873015
101.285442176
101.482811791
101.889160997
102.516099773
103.096598639
103.502947845
104.118276643
104.733605442
105.128344671
105.964263038
106.370612244
106.765351473
107.392290249
107.996009070
108.402358276
108.820317460
109.029297052
109.633015873
109.818775510
110.225124716
110.619863945
110.840453514
111.246802721
111.455782312
111.664761904
112.082721088
112.489070294
112.883809523
113.301768707
113.684897959
113.905487528
114.520816326
114.706575963
115.321904761
115.507664399
115.716643990
116.146213151
116.331972789
116.552562358
116.958911564
117.760000000
117.957369614
118.561088435
118.758458049
118.979047619
119.385396825
119.605986394
119.814965986
120.209705215
120.592834467
120.813424036
121.010793650
121.208163265
121.393922902
121.835102040
122.020861678
122.229841269
122.624580498
122.821950113
122.996099773
123.216689342
123.623038548
123.832018140
124.215147392
124.435736961
124.621496598
125.051065759
125.236825396
125.445804988
125.840544217
126.061133786
126.641632653
126.850612244
127.245351473
127.454331065
127.849070294
128.255419501
128.452789115
128.650158730
129.068117913
129.474467120
129.857596371
130.054965986
130.275555555
130.670294784
130.879274376
131.076643990
131.471383219
131.668752834
131.877732426
132.295691609
132.678820861
132.876190476
133.096780045
133.688888888
133.897868480
134.269387755
134.698956916
134.896326530
135.105306122
135.523265306
135.720634920
135.894784580
136.115374149
136.301133786
136.719092970
136.904852607
137.102222222
137.322811791
137.531791383
137.938140589
138.135510204
138.332879818
138.739229024
138.936598639
139.145578231
139.528707482
139.726077097
140.120816326
140.318185941
140.736145124
141.130884353
141.328253968
141.537233560
141.943582766
142.361541950
142.733061224
142.930430839
143.557369614
143.952108843
144.358458049
144.567437641
144.764807256
145.182766439
145.600725623
146.007074829
146.587573696
146.808163265
147.202902494
147.620861678
148.050430839
148.456780045
148.874739229
149.083718820
149.292698412
149.699047619
150.117006802
150.534965986
150.918095238
151.138684807
151.347664399
151.765623582
152.183582766
152.404172335
152.578321995
152.996281179
153.611609977
153.808979591
154.238548752
154.435918367
154.621678004
155.051247165
155.480816326
155.898775510
156.711473922
156.897233560
157.535782312
157.733151927
157.953741496
158.371700680
158.557460317
158.789659863
159.579138321
159.788117913
159.985487528
160.415056689
160.821405895
161.680544217
162.110113378
163.828390022
164.060589569
164.246349206
164.443718820
164.687528344
165.558276643
165.964625850
166.812154195
167.671292517
168.077641723
168.507210884
168.948390022
169.377959183
170.237097505
170.689886621
171.107845804
171.781224489
172.396553287
172.779682539
174.080000000
174.497959183
174.718548752
174.915918367
175.322267573
175.798276643
176.169795918
177.017324263
177.458503401
177.853242630
178.085442176
178.700770975
179.141950113
179.536689342
179.757278911
179.954648526
180.384217687
180.837006802
181.034376417
181.220136054
181.626485260
182.056054421
182.497233560
182.694603174
182.903582766
183.124172335
183.716281179
184.343219954
184.528979591
184.923718820
185.341678004
185.945396825
186.154376417
186.572335600
186.990294784
187.814603174
188.011972789
188.220952380
188.662131519
189.114920634
189.521269841
189.927619047
190.322358276
190.775147392
191.135056689
191.355646258
191.553015873
191.970975056
192.179954648
192.597913832
192.795283446
192.992653061
193.213242630
193.607981859
194.025941043
194.432290249
194.850249433
195.256598639
195.686167800
196.080907029
196.324716553
196.498866213
196.905215419
197.323174603
197.729523809
197.938503401
198.344852607
198.542222222
198.948571428
199.169160997
199.366530612
199.563900226
199.784489795
200.179229024
200.585578231
201.200907029
201.398276643
201.816235827
202.431564625
202.849523809
203.046893424
203.232653061
203.453242630
203.662222222
204.289160997
204.486530612
204.904489795
205.101859410
205.299229024
205.508208616
205.914557823
206.123537414
206.518276643
206.727256235
207.133605442
207.748934240
208.166893424
208.364263038
208.770612244
209.176961451
209.385941043
209.803900226
210.012879818
210.210249433
210.407619047
210.813968253
211.231927437
211.638276643
212.044625850
212.659954648
213.670022675
214.273741496
214.471111111
214.877460317
215.481179138
215.678548752
215.887528344
216.096507936
216.502857142
216.700226757
217.315555555
217.512925170
217.942494331
218.139863945
218.546213151
218.940952380
219.335691609
219.742040816
220.125170068
220.763718820
220.961088435
221.181678004
221.379047619
221.773786848
222.400725623
222.609705215
222.807074829
223.201814058
223.608163265
223.817142857
224.200272108
224.420861678
224.629841269
225.024580498
225.442539682
225.628299319
226.034648526
226.243628117
226.649977324
227.056326530
227.253696145
227.462675736
227.869024943
228.681723356
229.111292517
229.506031746
229.715011337
230.539319727
230.748299319
230.945668934
231.352018140
231.560997732
231.758367346
231.978956916
232.176326530
232.385306122
233.209614512
233.604353741
233.999092970
234.219682539
234.417052154
234.614421768
235.032380952
235.427120181
235.636099773
236.425578231
237.261496598
237.667845804
238.701133786
239.699591836
240.326530612
240.523900226
240.930249433
241.348208616
241.754557823
242.160907029
242.555646258
243.170975056
243.379954648
243.588934240
243.786303854
243.995283446
244.390022675
244.599002267
244.819591836
245.005351473
245.411700680
246.236009070
246.642358276
247.037097505
247.257687074
247.443446712
247.640816326
248.070385487
248.256145124
248.465124716
248.674104308
249.068843537
249.463582766
249.881541950
250.102131519
250.287891156
250.705850340
251.112199546
251.518548752
251.715918367
252.331247165
252.725986394
253.341315192
253.561904761
253.968253968
254.374603174
254.780952380
255.198911564
255.593650793
256.034829931
256.429569160
256.638548752
256.847528344
257.033287981
257.451247165
257.648616780
257.869206349
258.066575963
258.263945578
258.461315192
258.670294784
258.879274376
259.076643990
259.285623582
259.691972789
259.912562358
260.098321995
260.307301587
260.516281179
260.713650793
261.143219954
261.328979591
261.537959183
261.746938775
262.153287981
262.373877551
262.571247165
262.989206349
263.383945578
263.801904761
264.208253968
264.835192743
265.427301587
265.624671201
265.833650793
266.228390022
266.425759637
266.646349206
267.064308390
267.470657596
267.877006802
268.283356009
268.689705215
268.887074829
269.107664399
269.514013605
269.711383219
269.931972789
270.117732426
270.326712018
270.524081632
270.733061224
271.139410430
271.534149659
271.777959183
272.393287981
272.579047619
272.997006802
273.600725623
273.809705215
274.227664399
274.413424036
274.634013605
274.831383219
275.226122448
275.446712018
275.632471655
276.050430839
276.259410430
276.456780045
276.863129251
277.292698412
278.500136054
278.929705215
279.788843537
280.206802721
281.901859410
282.331428571
283.190566893
283.585306122
283.829115646
284.049705215
284.247074829
284.456054421
285.291972789
285.500952380
285.698321995
286.127891156
286.557460317
286.940589569
287.381768707
288.612426303
289.483174603
289.912743764
290.783492063
290.980861678
291.178231292
291.387210884
292.025759637
293.697596371
294.185215419
295.427482993
295.880272108
297.610158730
298.016507936
298.271927437
298.898866213
299.374875283
299.583854875
299.816054421
300.245623582
300.675192743
300.930612244
301.139591836
302.474739229
302.683718820
303.542857142
305.179863945
305.412063492
306.085442176
306.573061224
308.837006802
