0.534058956	62.8982	10.988843537	0.787402
11.598367346	62.3772	1.346757369	0.787402
12.991564625	62.3231	0.307664399	0.787402
13.334058956	62.2965	0.992653061	0.787402
14.373129251	62.4981	0.632743764	0.787402
15.029092970	62.5752	0.679183673	0.787402
15.748911564	62.5403	0.301859410	0.787402
16.132040816	62.5009	0.261224489	0.787402
16.416485260	62.56	0.563083900	0.787402
17.002789115	104.163	0.104489795	0.787402
17.113106575	93.2698	1.724081632	0.787402
18.848798185	90.6347	0.110294784	0.787402
18.964875283	105.241	0.342494331	0.787402
19.313197278	92.0467	0.684988662	0.787402
20.003990929	83.3713	0.539863945	0.787402
20.549659863	105.214	0.737233560	0.787402
21.292698412	100.772	0.330884353	0.787402
21.629365079	100.612	0.661768707	0.787402
22.337596371	99.8367	0.365714285	0.787402
22.709092970	83.4972	0.650158730	0.787402
23.365056689	83.8601	0.644353741	0.787402
24.021043083	83.2301	0.667573696	0.787402
24.706009070	83.1208	0.690793650	0.787402
25.408412698	83.5295	0.702403628	0.787402
26.116643990	83.4538	0.673378684	0.787402
26.795804988	83.851	1.369977324	0.787402
28.171587301	90.8127	0.029024943	0.787402
28.206417233	62.3734	0.644353741	0.787402
28.908820861	62.3239	0.638548752	0.787402
29.617029478	62.3175	0.278639455	0.787402
29.924693877	62.283	0.301859410	0.787402
30.302018140	62.2842	0.626938775	0.787402
30.963809523	62.5455	0.644353741	0.787402
31.666213151	62.5599	0.301859410	0.787402
32.026122448	62.4832	0.267029478	0.787402
32.345374149	62.5038	0.301859410	0.787402
32.682086167	62.534	1.015873015	0.787402
33.732766439	62.7232	0.319274376	0.787402
34.086870748	62.69	0.261224489	0.787402
34.411950113	62.581	0.063854875	0.787402
34.545464852	62.9282	0.220589569	0.787402
34.922789115	62.8238	0.145124716	0.787402
35.143378684	62.8235	1.317732426	0.787402
36.530793650	62.873	0.272834467	0.787402
36.873287981	62.7043	0.168344671	0.787402
37.117097505	155.587	0.319274376	0.787402
37.442176870	131.325	0.156734693	0.787402
37.790453514	62.4187	0.394739229	0.787402
38.208412698	76.9049	0.087074829	0.787402
38.312902494	62.7168	0.220589569	0.787402
38.550907029	73.7618	0.075464852	0.787402
38.632176870	62.4451	0.580498866	0.787402
39.241700680	92.5288	0.336689342	0.787402
39.590022675	93.7385	3.018594104	0.787402
42.614421768	103.461	0.098684807	0.787402
42.718888888	92.6293	1.602176870	0.787402
44.326870748	87.7853	0.772063492	0.787402
45.151179138	83.8601	0.667573696	0.787402
45.824580498	89.0381	0.325079365	0.787402
46.161247165	89.0302	0.330884353	0.787402
46.538571428	83.7349	0.290249433	0.787402
46.834625850	102.173	0.063854875	0.787402
46.904285714	84.1842	0.998458049	0.787402
47.943378684	84.4892	0.104489795	0.787402
48.053673469	95.6728	0.325079365	0.787402
48.384580498	105.987	0.127709750	0.787402
48.518072562	83.2514	0.899773242	0.787402
49.423650793	103.032	0.156734693	0.787402
49.586213151	93.129	0.574693877	0.787402
50.166689342	104.458	0.098684807	0.787402
50.317619047	62.6145	0.325079365	0.787402
50.677528344	62.6026	0.243809523	0.787402
50.979410430	156.142	0.330884353	0.787402
51.316077097	142.429	0.359909297	0.787402
51.716643990	78.3278	0.034829931	0.787402
51.757256235	62.8749	0.255419501	0.787402
52.018480725	62.6665	0.336689342	0.787402
52.407437641	62.9159	0.655963718	0.787402
53.133038548	62.8647	0.267029478	0.787402
53.463922902	142.901	0.290249433	0.787402
53.812244897	62.6316	0.470204081	0.787402
54.450793650	103.984	0.354104308	0.787402
54.810702947	90.7527	0.046439909	0.787402
54.880362811	62.8819	0.098684807	0.787402
55.042879818	62.3367	0.075464852	0.787402
55.182199546	62.7244	0.539863945	0.787402
55.727868480	76.5968	0.029024943	0.787402
55.762698412	93.3845	0.063854875	0.787402
55.838163265	93.6866	1.375782312	0.787402
57.219750566	93.5342	0.336689342	0.787402
57.597097505	94.0103	1.375782312	0.787402
58.984489795	93.2541	1.944671201	0.787402
60.934943310	86.6468	0.435374149	0.787402
61.381927437	83.6901	0.330884353	0.787402
61.741836734	83.7062	1.004263038	0.787402
62.751904761	83.6815	1.369977324	0.787402
64.191564625	84.0055	0.243809523	0.787402
64.441156462	102.3	0.058049886	0.787402
64.510816326	83.7768	0.313469387	0.787402
64.830113378	97.2195	0.069659863	0.787402
64.905555555	84.0702	0.946213151	0.787402
65.875011337	123.699	0.162539682	0.787402
66.043333333	105.063	0.139319727	0.787402
66.188458049	94.1651	0.580498866	0.787402
66.774761904	103.381	0.139319727	0.787402
66.937301587	62.5758	0.296054421	0.787402
67.273990929	62.7019	0.992653061	0.787402
68.330521541	62.8434	0.284444444	0.787402
68.684603174	62.5459	0.267029478	0.787402
68.980657596	100.685	0.029024943	0.787402
69.032902494	157.361	0.638548752	0.787402
69.741133786	158.283	0.168344671	0.787402
70.042970521	142.604	0.296054421	0.787402
70.362267573	156.344	0.592108843	0.787402
71.047256235	144.912	0.348299319	0.787402
71.418752834	154.634	0.174149659	0.787402
71.598730158	123.992	0.127709750	0.787402
71.743832199	125.346	0.667573696	0.787402
72.417210884	93.782	1.770521541	0.787402
74.216757369	93.8358	0.261224489	0.787402
74.483809523	94.2339	0.696598639	0.787402
75.186213151	80.1757	0.081269841	0.787402
75.273287981	94.7063	0.261224489	0.787402
75.540294784	94.9363	1.027482993	0.787402
76.579410430	93.8681	0.435374149	0.787402
77.020566893	109.698	0.098684807	0.787402
77.125056689	124.408	0.145124716	0.787402
77.275986394	99.6176	0.150929705	0.787402
77.432721088	91.2506	0.081269841	0.787402
77.519795918	83.8973	0.325079365	0.787402
77.850702947	79.9088	0.806893424	0.787402
78.663378684	80.689	2.403265306	0.787402
81.113106575	82.7301	0.301859410	0.787402
81.420748299	99.4104	0.127709750	0.787402
81.554263038	101.687	0.133514739	0.787402
81.693582766	84.4822	0.029024943	0.787402
81.792267573	83.5798	0.650158730	0.787402
82.465646258	122.622	0.179954648	0.787402
82.651405895	103.774	0.121904761	0.787402
82.779138321	94.3904	0.499229024	0.787402
83.284149659	83.9407	0.197369614	0.787402
83.487346938	97.181	0.063854875	0.787402
83.574421768	158.063	0.272834467	0.787402
83.916916099	157.219	0.963628117	0.787402
84.926984126	157.904	0.296054421	0.787402
85.298480725	156.418	0.963628117	0.787402
86.320181405	158.704	0.301859410	0.787402
86.691678004	166.359	0.255419501	0.787402
86.952902494	156.231	0.539863945	0.787402
87.498571428	146.93	0.150929705	0.787402
87.695963718	157.305	0.296054421	0.787402
88.050045351	156.127	0.319274376	0.787402
88.380952380	156.304	0.632743764	0.787402
89.042698412	93.5627	0.029024943	0.787402
89.077528344	83.7862	0.655963718	0.787402
89.739319727	83.74	0.441179138	0.787402
90.203718820	83.6646	0.185759637	0.787402
90.395283446	102.573	0.400544217	0.787402
90.801609977	84.3087	0.272834467	0.787402
91.080272108	93.9001	0.040634920	0.787402
91.149931972	139.672	0.150929705	0.787402
91.306666666	125.347	0.493424036	0.787402
91.805873015	123.904	1.027482993	0.787402
92.839160997	94.5725	1.015873015	0.787402
93.860839002	104.909	0.481814058	0.787402
94.348458049	93.4205	0.348299319	0.787402
94.702562358	83.3191	0.917188208	0.787402
95.625555555	104.258	1.160997732	0.787402
96.792358276	124.908	1.561541950	0.787402
98.359705215	100.665	0.121904761	0.787402
98.487437641	124.39	0.191564625	0.787402
98.684784580	94.3194	0.667573696	0.787402
99.358163265	103.969	0.435374149	0.787402
99.799342403	92.6184	0.296054421	0.787402
100.101224489	83.5591	0.597913832	0.787402
100.774580498	83.8414	0.348299319	0.787402
101.134512471	104.213	0.690793650	0.787402
101.831088435	83.7956	0.319274376	0.787402
102.156167800	99.6673	0.040634920	0.787402
102.208412698	139.398	0.139319727	0.787402
102.353560090	125.128	0.516643990	0.787402
102.899229024	124.421	0.249614512	0.787402
103.154625850	124.486	0.696598639	0.787402
103.857029478	107.325	0.052244897	0.787402
103.915102040	94.1087	0.824308390	0.787402
104.762607709	94.2819	0.168344671	0.787402
104.936757369	104.696	0.603718820	0.787402
105.546303854	92.845	0.092879818	0.787402
105.644965986	80.5542	0.116099773	0.787402
105.766870748	83.8659	2.426485260	0.787402
108.199160997	89.2179	0.574693877	0.787402
108.779682539	82.5175	0.655963718	0.787402
109.441428571	95.265	0.563083900	0.787402
110.010317460	81.2345	0.208979591	0.787402
110.526984126	105.062	0.417959183	0.787402
110.950725623	94.0915	0.069659863	0.787402
111.026213151	82.3391	0.081269841	0.787402
111.177120181	62.429	1.352562358	0.787402
112.605147392	62.5158	0.267029478	0.787402
112.901224489	62.4618	1.004263038	0.787402
113.951904761	62.6043	1.335147392	0.787402
115.316077097	62.5504	0.313469387	0.787402
115.664399092	62.5932	0.336689342	0.787402
116.035895691	62.5624	0.319274376	0.787402
116.401609977	125.421	0.168344671	0.787402
116.575782312	102.247	0.121904761	0.787402
116.703469387	94.8891	1.712471655	0.787402
118.421746031	92.8872	1.021678004	0.787402
119.449251700	89.7501	0.412154195	0.787402
119.867188208	100.998	2.095600907	0.787402
121.968594104	95.8053	0.243809523	0.787402
122.299501133	83.7096	0.615328798	0.787402
122.920612244	83.5872	0.673378684	0.787402
123.599795918	83.5214	0.383129251	0.787402
123.994535147	83.8618	2.356825396	0.787402
126.368798185	84.1572	0.365714285	0.787402
126.740294784	83.8383	0.307664399	0.787402
127.082789115	125.687	0.156734693	0.787402
127.262766439	84.0675	0.493424036	0.787402
127.779410430	62.5375	1.340952380	0.787402
129.149365079	62.4638	0.313469387	0.787402
129.509274376	62.5205	0.992653061	0.787402
130.542562358	62.6465	0.679183673	0.787402
131.250793650	62.6163	0.632743764	0.787402
131.924149659	62.6096	0.296054421	0.787402
132.260839002	62.6538	0.359909297	0.787402
132.643990929	62.7313	0.626938775	0.787402
133.311564625	63.1014	0.307664399	0.787402
133.694671201	63.0607	0.063854875	0.787402
133.868820861	63.1133	0.087074829	0.787402
134.019750566	62.9099	0.981043083	0.787402
135.035623582	62.6047	0.301859410	0.787402
135.360702947	62.9383	0.365714285	0.787402
135.749659863	62.8774	0.290249433	0.787402
136.074716553	62.977	0.301859410	0.787402
136.446235827	62.8639	0.174149659	0.787402
136.782947845	63.1589	0.139319727	0.787402
136.933854875	62.9792	0.150929705	0.787402
137.131224489	62.8635	0.493424036	0.787402
137.827845804	63.2687	0.110294784	0.787402
137.961337868	103.791	0.087074829	0.787402
138.054240362	125.074	0.714013605	0.787402
138.779841269	93.7346	1.758911564	0.787402
140.579410430	93.8232	2.722539682	0.787402
143.313560090	93.4647	0.580498866	0.787402
143.899841269	83.8821	0.777868480	0.787402
144.689319727	83.6471	1.039092970	0.787402
145.798072562	83.5688	0.272834467	0.787402
146.094149659	83.5119	0.307664399	0.787402
146.407596371	101.49	0.075464852	0.787402
146.488888888	84.0111	0.621133786	0.787402
147.115804988	84.676	0.330884353	0.787402
147.452517006	88.2918	0.034829931	0.787402
147.516349206	88.064	0.185759637	0.787402
147.795011337	97.4503	0.029024943	0.787402
147.829841269	124.997	0.121904761	0.787402
147.957528344	104.205	0.139319727	0.787402
148.102675736	83.8849	0.859138321	0.787402
148.967596371	88.8801	0.191564625	0.787402
149.164965986	92.8725	0.586303854	0.787402
149.757097505	79.3464	0.139319727	0.787402
149.902199546	62.5547	0.319274376	0.787402
150.256303854	62.6139	0.296054421	0.787402
150.610408163	157.029	0.325079365	0.787402
150.941315192	141.933	0.301859410	0.787402
151.272176870	100.515	0.052244897	0.787402
151.347641723	62.8368	0.499229024	0.787402
152.021043083	62.927	0.307664399	0.787402
152.334512471	62.7819	0.301859410	0.787402
152.706009070	63.0441	0.116099773	0.787402
152.833718820	62.7932	0.145124716	0.787402
152.990453514	79.012	0.075464852	0.787402
153.071746031	62.842	0.139319727	0.787402
153.292335600	128.437	0.092879818	0.787402
153.390997732	156.515	0.284444444	0.787402
153.681247165	141.997	0.342494331	0.787402
154.046984126	103.182	0.040634920	0.787402
154.110816326	63.0091	0.249614512	0.787402
154.366235827	78.593	0.139319727	0.787402
154.511383219	62.7589	0.185759637	0.787402
154.737777777	125.46	0.667573696	0.787402
155.428548752	91.6796	0.708208616	0.787402
156.142562358	93.1624	0.557278911	0.787402
156.705646258	82.4692	0.075464852	0.787402
156.804331065	79.8341	0.725623582	0.787402
157.535782312	92.1535	0.336689342	0.787402
157.878276643	101.403	0.336689342	0.787402
158.238163265	93.7642	0.278639455	0.787402
158.534240362	83.2349	0.359909297	0.787402
158.899931972	94.0988	0.661768707	0.787402
159.602335600	106.416	0.325079365	0.787402
159.939024943	94.6071	0.435374149	0.787402
160.380204081	91.5219	0.417959183	0.787402
160.803990929	104.535	1.863401360	0.787402
162.673197278	102.374	0.040634920	0.787402
162.719614512	78.8107	1.004263038	0.787402
163.729682539	91.026	0.116099773	0.787402
163.851587301	104.564	0.208979591	0.787402
164.089591836	102.294	0.441179138	0.787402
164.536575963	83.8312	0.220589569	0.787402
164.762970521	83.594	0.673378684	0.787402
165.442176870	82.9715	0.162539682	0.787402
165.610521541	93.5454	0.905578231	0.787402
166.539319727	63.0722	0.284444444	0.787402
166.846984126	62.5906	0.992653061	0.787402
167.915102040	166.613	0.296054421	0.787402
168.251768707	158.091	0.290249433	0.787402
168.547845804	166.354	0.684988662	0.787402
169.296666666	62.5738	0.301859410	0.787402
169.621746031	62.649	0.992653061	0.787402
170.643424036	62.6993	0.330884353	0.787402
170.997528344	62.5897	0.998458049	0.787402
172.059841269	93.6033	0.319274376	0.787402
172.384943310	83.6042	0.325079365	0.787402
172.715804988	83.8003	0.336689342	0.787402
173.058299319	99.8657	0.493424036	0.787402
173.557528344	104.489	0.545668934	0.787402
174.114829931	138.964	0.156734693	0.787402
174.277346938	125.534	0.505034013	0.787402
174.788208616	121.139	0.278639455	0.787402
175.072630385	96.2419	0.029024943	0.787402
175.107460317	125.103	0.702403628	0.787402
175.838888888	94.5329	0.969433106	0.787402
176.814149659	104.611	0.429569160	0.787402
177.249501133	93.1792	0.522448979	0.787402
177.777777777	83.1778	0.783673469	0.787402
178.567256235	96.8239	0.191564625	0.787402
178.764603174	104.135	0.905578231	0.787402
179.675986394	125.973	0.638548752	0.787402
180.360975056	125.048	0.998458049	0.787402
181.365260770	100.877	0.087074829	0.787402
181.458117913	94.4216	0.870748299	0.787402
182.334671201	104.469	0.458594104	0.787402
182.799070294	92.7133	0.249614512	0.787402
183.054512471	83.6718	0.650158730	0.787402
183.756916099	83.5631	0.359909297	0.787402
184.122607709	96.6576	0.139319727	0.787402
184.267732426	104.59	0.917188208	0.787402
185.190725623	138.999	0.150929705	0.787402
185.347460317	125.496	0.505034013	0.787402
185.858299319	124.521	0.992653061	0.787402
186.856757369	108.304	0.034829931	0.787402
186.897414965	94.4296	0.992653061	0.787402
187.895873015	104.944	0.342494331	0.787402
188.244149659	93.8864	0.377324263	0.787402
188.679523809	250.848	0.278639455	0.787402
188.963990929	224.428	0.174149659	0.787402
189.143922902	210.23	0.185759637	0.787402
189.376145124	104.354	0.191564625	0.787402
189.573492063	83.8859	1.404807256	0.787402
191.018934240	161.957	0.702403628	0.787402
191.744580498	215.334	0.116099773	0.787402
191.866485260	250.629	0.522448979	0.787402
192.394716553	189.684	0.150929705	0.787402
192.551473922	163.256	0.133514739	0.787402
192.690793650	188.608	0.336689342	0.787402
193.079705215	305.485	0.127709750	0.787402
193.398979591	314.028	0.319274376	0.787402
193.724081632	273.309	0.052244897	0.787402
193.782108843	238.771	0.046439909	0.787402
193.857596371	160.851	0.139319727	0.787402
194.153650793	62.6072	1.358367346	0.787402
195.552630385	62.4886	0.301859410	0.787402
195.895124716	62.5261	0.992653061	0.787402
196.928412698	62.7081	0.336689342	0.787402
197.323151927	62.8235	0.278639455	0.787402
197.642426303	62.7091	0.307664399	0.787402
197.990725623	66.7573	0.267029478	0.787402
198.315804988	62.7859	0.296054421	0.787402
198.652517006	62.7054	0.690793650	0.787402
199.383922902	125.583	0.145124716	0.787402
199.534852607	109.093	0.145124716	0.787402
199.685804988	93.5213	2.734149659	0.787402
202.425736961	103.286	0.046439909	0.787402
202.477981859	92.4984	0.992653061	0.787402
203.476439909	100.943	0.348299319	0.787402
203.830544217	90.228	0.650158730	0.787402
204.486507936	95.8538	0.603718820	0.787402
205.096054421	104.386	0.098684807	0.787402
205.200544217	97.1088	0.058049886	0.787402
205.275986394	83.9073	0.621133786	0.787402
205.902947845	97.1831	0.029024943	0.787402
205.937777777	62.2636	0.121904761	0.787402
206.065464852	83.5685	0.859138321	0.787402
206.942018140	86.7263	0.342494331	0.787402
207.290317460	83.8166	2.391655328	0.787402
209.699410430	83.7801	1.021678004	0.787402
210.726870748	65.9737	0.098684807	0.787402
210.848798185	125.152	0.226394557	0.787402
211.121609977	62.4818	0.975238095	0.787402
212.143287981	62.4218	0.296054421	0.787402
212.491587301	62.4422	0.278639455	0.787402
212.851496598	62.4491	0.272834467	0.787402
213.170793650	124.98	0.325079365	0.787402
213.536485260	62.5569	0.632743764	0.787402
214.215691609	62.6498	0.650158730	0.787402
214.912267573	62.5655	0.301859410	0.787402
215.260566893	62.6044	0.296054421	0.787402
215.603061224	62.7607	0.336689342	0.787402
215.986213151	125.445	0.307664399	0.787402
216.305464852	125.194	0.981043083	0.787402
217.338752834	62.509	0.301859410	0.787402
217.681247165	62.5259	0.296054421	0.787402
218.017959183	62.4304	0.301859410	0.787402
218.383650793	62.4433	0.615328798	0.787402
219.057029478	62.6127	0.313469387	0.787402
219.411133786	62.8343	0.267029478	0.787402
219.753650793	140.775	0.261224489	0.787402
220.020657596	125.405	0.441179138	0.787402
220.467641723	143.117	0.290249433	0.787402
220.815963718	62.7129	0.267029478	0.787402
221.141043083	125.249	0.534058956	0.787402
221.680884353	105.774	0.092879818	0.787402
221.808594104	92.9543	1.027482993	0.787402
222.841904761	104.589	0.696598639	0.787402
223.544285714	94.2272	0.998458049	0.787402
224.571768707	94.6368	0.319274376	0.787402
224.896848072	103.252	0.301859410	0.787402
225.204512471	94.4077	0.435374149	0.787402
225.645714285	88.1553	0.133514739	0.787402
225.785011337	101.232	0.156734693	0.787402
225.947551020	92.8981	0.319274376	0.787402
226.272630385	83.9899	0.272834467	0.787402
226.551269841	93.0496	0.081269841	0.787402
226.673197278	94.7743	0.592108843	0.787402
227.271088435	109.543	0.063854875	0.787402
227.340748299	92.3897	0.354104308	0.787402
227.700657596	125.53	0.417959183	0.787402
228.124421768	93.226	0.319274376	0.787402
228.449501133	78.9007	0.423764172	0.787402
228.879070294	83.4856	0.214784580	0.787402
229.105464852	83.7851	0.290249433	0.787402
229.401519274	84.3277	1.102947845	0.787402
230.527687074	125.441	0.179954648	0.787402
230.713469387	151.835	0.040634920	0.787402
230.800544217	93.9905	0.272834467	0.787402
231.079160997	83.8233	0.406349206	0.787402
231.491315192	93.0702	0.296054421	0.787402
231.793197278	83.8632	0.319274376	0.787402
232.118276643	86.853	0.446984126	0.787402
232.571043083	79.1459	0.284444444	0.787402
232.861315192	92.3729	0.029024943	0.787402
232.896145124	62.5791	0.690793650	0.787402
233.656575963	62.5077	0.580498866	0.787402
234.277709750	62.4717	0.272834467	0.787402
234.614421768	62.4132	0.301859410	0.787402
234.974331065	62.4886	0.644353741	0.787402
235.665102040	62.5004	0.249614512	0.787402
236.001814058	62.8033	0.267029478	0.787402
236.326870748	140.326	0.278639455	0.787402
236.611315192	126.085	0.029024943	0.787402
236.686780045	62.7771	0.313469387	0.787402
237.058299319	140.755	0.290249433	0.787402
237.406598639	62.7824	0.267029478	0.787402
237.737505668	62.6474	0.307664399	0.787402
238.085804988	126.05	0.168344671	0.787402
238.259931972	108.618	0.156734693	0.787402
238.422471655	93.1723	0.969433106	0.787402
239.397709750	103.846	0.725623582	0.787402
240.134943310	96.2673	0.388934240	0.787402
240.529682539	94.3392	0.969433106	0.787402
241.504943310	81.585	0.058049886	0.787402
241.568798185	92.9287	0.220589569	0.787402
241.795192743	104.22	0.110294784	0.787402
241.911269841	93.2395	0.992653061	0.787402
242.909750566	84.3377	0.162539682	0.787402
243.078072562	97.6024	0.853333333	0.787402
243.937210884	82.7617	1.015873015	0.787402
244.958888888	79.6221	0.644353741	0.787402
245.609070294	83.8461	1.700861678	0.787402
247.315714285	99.5266	0.092879818	0.787402
247.431836734	93.0197	0.116099773	0.787402
247.553718820	83.8214	1.230657596	0.787402
248.790181405	83.9732	0.667573696	0.787402
249.486780045	62.7408	3.442358276	0.787402
252.934943310	76.3726	0.121904761	0.787402
253.062675736	62.9697	0.510839002	0.787402
253.614149659	62.4834	0.760453514	0.787402
254.432630385	63.0033	0.626938775	0.787402
255.065374149	75.4913	0.040634920	0.787402
255.111836734	94.4221	0.243809523	0.787402
255.361428571	94.0782	2.879274376	0.787402
258.246507936	83.7902	0.168344671	0.787402
258.420657596	92.8448	1.468662131	0.787402
259.895124716	100.333	0.087074829	0.787402
259.988027210	104.914	0.075464852	0.787402
260.075102040	93.1252	1.445442176	0.787402
261.526326530	84.0481	1.857596371	0.787402
263.389750566	78.6776	0.963628117	0.787402
264.359160997	78.8713	1.073922902	0.787402
265.438888888	105.005	0.127709750	0.787402
265.595623582	62.871	0.981043083	0.787402
266.582471655	80.8868	0.156734693	0.787402
266.745011337	86.6973	0.063854875	0.787402
266.814671201	84.4081	0.092879818	0.787402
266.919160997	84.2691	1.271292517	0.787402
268.196258503	83.7504	0.081269841	0.787402
268.283333333	83.6739	0.116099773	0.787402
268.405260770	84.4002	0.046439909	0.787402
268.457505668	81.5504	0.075464852	0.787402
268.544580498	82.6715	0.371519274	0.787402
