1.091337868
1.996916099
2.310385487
3.204353741
3.517823129
4.551111111
4.702040816
4.899410430
5.015510204
5.131609977
5.328979591
5.479909297
5.630839002
5.781768707
5.932698412
6.478367346
6.548027210
6.849886621
7.163356009
8.068934240
8.370793650
8.904852607
9.566621315
9.729160997
9.868480725
10.170340136
10.785668934
11.389387755
11.691247165
12.004716553
12.596825396
12.910294784
13.212154195
13.804263038
14.117732426
14.257052154
14.431201814
14.570521541
14.721451247
15.023310657
15.174240362
15.313560090
15.476099773
15.627029478
16.230748299
16.532607709
16.846077097
17.438185941
17.763265306
18.053514739
18.657233560
18.959092970
19.121632653
19.260952380
19.411882086
19.562811791
19.818231292
19.864671201
20.038820861
20.178140589
20.329070294
20.480000000
21.072108843
21.373968253
21.536507936
21.675827664
21.849977324
21.931247165
21.977687074
22.291156462
22.593015873
22.906485260
23.336054421
23.498594104
23.800453514
23.951383219
24.113922902
24.404172335
24.706031746
25.321360544
25.762539682
25.878639455
26.226938775
26.366258503
26.540408163
26.691337868
26.830657596
27.434376417
27.747845804
28.374784580
28.676643990
28.815963718
28.978503401
29.257142857
29.547392290
30.162721088
30.754829931
31.091519274
31.230839002
31.370158730
31.672018140
32.136417233
32.287346938
32.589206349
33.030385487
33.181315192
33.645714285
33.819863945
34.098503401
34.388752834
35.015691609
35.317551020
35.607800453
35.921269841
36.060589569
36.513378684
37.128707482
37.883356009
38.022675736
38.185215419
38.347755102
38.498684807
38.939863945
39.241723356
39.392653061
39.706122448
39.868662131
40.460770975
40.658140589
40.809070294
40.913560090
41.099319727
41.354739229
41.981678004
42.422857142
42.875646258
43.200725623
43.340045351
43.502585034
44.094693877
44.396553287
45.000272108
45.302131519
45.754920634
46.207709750
46.509569160
46.672108843
46.811428571
47.124897959
47.728616780
48.332335600
48.947664399
49.551383219
50.143492063
50.398911564
50.456961451
50.758820861
51.350929705
51.977868480
52.569977324
52.860226757
53.022766439
53.301405895
53.487165532
53.765804988
54.241814058
54.392743764
54.996462585
55.309931972
55.611791383
56.203900226
56.494149659
56.819229024
57.248798185
57.422947845
57.713197278
57.875736961
58.340136054
58.630385487
58.781315192
58.932244897
59.083174603
59.234104308
59.837823129
60.151292517
61.010430839
61.370340136
62.252698412
62.438458049
62.566167800
62.728707482
63.169886621
63.471746031
64.644353741
64.690793650
64.992653061
65.306122448
65.898231292
66.513560090
67.105668934
67.570068027
68.022857142
68.313106575
68.777505668
68.940045351
69.532154195
69.834013605
70.147482993
70.739591836
71.053061224
71.354920634
71.947029478
72.144399092
72.272108843
72.411428571
72.585578231
72.713287981
72.829387755
73.166077097
73.630476190
73.781405895
74.373514739
74.675374149
75.000453514
75.592562358
75.906031746
76.207891156
76.498140589
76.800000000
77.101859410
77.264399092
77.415328798
77.566258503
77.728798185
78.007437641
78.169977324
78.332517006
78.483446712
78.634376417
79.087165532
79.214875283
79.528344671
79.830204081
80.132063492
80.747392290
81.060861678
81.502040816
81.641360544
82.012879818
82.105759637
82.256689342
82.558548752
82.848798185
83.475736961
83.777596371
84.056235827
84.532244897
84.973424036
85.437823129
85.577142857
85.890612244
86.645260770
86.865850340
86.947120181
87.144489795
87.260589569
87.399909297
87.690158730
88.166167800
88.317097505
88.909206349
89.489705215
89.826394557
90.128253968
90.430113378
91.335691609
91.788480725
91.962630385
92.241269841
92.543129251
93.158458049
93.599637188
93.750566893
94.087256235
94.168526077
94.528435374
94.667755102
94.958004535
95.271473922
95.584943310
96.026122448
96.177052154
96.490521541
96.536961451
96.629841269
97.094240362
97.384489795
98.011428571
98.568707482
98.800907029
98.951836734
99.242086167
99.509115646
100.124444444
100.577233560
101.030022675
101.355102040
101.482811791
101.656961451
102.237460317
102.539319727
102.945668934
103.038548752
103.143038548
103.456507936
103.897687074
104.362086167
104.663945578
104.814875283
104.954195011
105.279274376
105.882993197
106.486712018
107.102040816
107.694149659
108.088888888
108.286258503
108.611337868
108.913197278
109.215056689
109.505306122
109.841995464
110.132244897
110.643083900
110.724353741
111.177142857
111.629931972
111.920181405
112.547120181
113.150839002
113.754557823
114.358276643
114.636916099
114.973605442
115.867573696
116.018503401
116.482902494
116.784761904
116.935691609
117.086621315
117.237551020
117.388480725
117.980589569
118.294058956
119.188027210
119.524716553
120.407074829
120.581224489
120.708934240
120.871473922
121.324263038
121.626122448
121.927981859
122.241451247
122.787120181
122.833560090
123.135419501
123.437278911
124.052607709
124.342857142
124.656326530
126.467482993
127.082811791
127.686530612
127.988390022
128.301859410
128.893968253
129.207437641
129.509297052
130.101405895
130.287165532
130.414875283
130.554195011
130.728344671
130.867664399
131.006984126
131.308843537
131.471383219
131.924172335
132.527891156
132.829750566
133.143219954
133.735328798
134.048798185
134.362267573
134.803446712
134.954376417
135.256235827
135.407165532
135.569705215
135.720634920
135.859954648
136.150204081
136.324353741
136.475283446
136.626213151
136.777142857
137.369251700
137.682721088
137.845260770
137.984580498
138.286439909
138.924988662
139.192018140
139.366167800
139.493877551
139.691247165
139.795736961
140.120816326
140.260136054
140.422675736
140.701315192
141.618503401
142.222222222
142.524081632
142.686621315
142.814331065
143.127800453
143.754739229
144.044988662
144.346848072
144.393287981
144.637097505
144.962176870
145.101496598
145.264036281
145.554285714
146.007074829
146.146394557
146.308934240
146.471473922
147.365442176
147.667301587
147.980770975
148.584489795
148.886349206
149.072108843
149.188208616
149.350748299
149.490068027
149.942857142
150.209886621
150.395646258
150.697505668
150.848435374
150.999365079
151.637913832
151.904943310
152.218412698
152.520272108
152.810521541
153.123990929
153.437460317
154.517188208
154.795827664
155.538866213
155.701405895
156.003265306
156.154195011
157.965351473
158.302040816
159.486258503
159.637188208
160.055147392
160.391836734
161.448344671
161.599274376
161.912743764
162.249433106
162.818321995
163.120181405
163.422040816
164.025759637
164.629478458
165.233197278
165.395736961
165.546666666
165.697596371
165.848526077
166.440634920
166.754104308
167.055963718
167.648072562
168.867120181
169.180589569
169.319909297
169.772698412
170.039727891
170.689886621
171.293605442
171.363265306
171.595464852
171.932154195
172.501043083
172.826122448
173.116371882
173.708480725
174.010340136
174.172879818
174.637278911
174.823038548
174.927528344
175.078458049
175.240997732
175.391927437
175.542857142
176.134965986
176.448435374
177.086984126
177.342403628
177.667482993
178.549841269
179.025850340
179.478639455
179.768888888
180.233287981
180.384217687
180.976326530
181.278185941
181.591655328
182.195374149
182.497233560
182.810702947
183.867210884
184.621859410
184.772789115
184.923718820
185.074648526
185.225578231
185.829297052
186.142766439
186.479455782
187.048344671
187.361814058
188.255782312
188.708571428
189.161360544
189.451609977
190.078548752
190.682267573
191.285986394
191.889705215
192.505034013
193.097142857
193.387392290
193.561541950
194.014331065
194.304580498
194.618049886
194.768979591
194.919909297
195.512018140
196.731065759
197.044535147
197.938503401
198.402902494
198.855691609
199.157551020
200.364988662
200.666848072
201.015147392
201.584036281
201.885895691
202.199365079
203.244263038
203.708662131
203.998911564
204.161451247
204.312380952
204.463310657
205.217959183
205.519818594
205.856507936
206.425396825
206.750476190
207.040725623
208.097233560
208.550022675
208.851882086
209.467210884
210.059319727
210.361179138
210.697868480
211.266757369
211.580226757
211.882086167
212.938594104
213.693242630
213.855782312
214.157641723
214.912290249
215.527619047
216.421587301
216.630566893
