0.510839002
1.230657596
1.451247165
2.113015873
2.333605442
2.960544217
3.192743764
3.842902494
4.075102040
4.527891156
5.003900226
5.421859410
5.897868480
6.304217687
6.768616780
7.221405895
7.639365079
8.544943310
9.404081632
10.274829931
11.006258503
11.110748299
12.016326530
13.316643990
13.746213151
13.955192743
14.164172335
14.373151927
14.605351473
17.217596371
17.844535147
18.065124716
18.924263038
19.795011337
20.259410430
20.654149659
21.130158730
21.466848072
21.548117913
22.430476190
23.278004535
23.486984126
23.695963718
23.916553287
24.125532879
24.543492063
24.984671201
26.714557823
26.923537414
27.120907029
27.329886621
27.747845804
27.968435374
28.177414965
28.409614512
29.280362811
30.151111111
30.592290249
31.033469387
31.683628117
31.892607709
32.751746031
34.493242630
34.922811791
34.992471655
35.375600907
35.863219954
36.234739229
36.687528344
36.908117913
37.117097505
37.546666666
37.778866213
37.987845804
38.382585034
38.835374149
39.450702947
39.694512471
40.112471655
40.553650793
40.971609977
42.248707482
42.678276643
43.107845804
43.734784580
43.955374149
44.350113378
44.791292517
45.209251700
45.638820861
46.509569160
46.950748299
47.368707482
48.460045351
49.110204081
49.957732426
51.676009070
52.012698412
52.581587301
53.429115646
53.580045351
53.730975056
53.870294784
54.009614512
54.160544217
54.323083900
54.462403628
54.601723356
54.787482993
54.868752834
55.809160997
56.424489795
56.645079365
57.074648526
57.515827664
57.957006802
58.258866213
58.386575963
59.268934240
59.919092970
60.139682539
60.557641723
60.778231292
60.987210884
61.196190476
61.405170068
61.602539682
61.834739229
62.717097505
63.587845804
63.669115646
64.029024943
64.458594104
65.062312925
65.317732426
66.165260770
66.409070294
66.618049886
66.827029478
67.047619047
67.465578231
68.301496598
68.742675736
70.275192743
70.495782312
70.925351473
71.331700680
71.529070294
71.726439909
71.947029478
72.179229024
73.049977324
73.688526077
73.920725623
74.118095238
74.338684807
74.547664399
74.756643990
74.954013605
75.162993197
75.360362811
75.604172335
76.463310657
77.334058956
77.763628117
78.193197278
78.808526077
79.052335600
79.899863945
80.793832199
81.223401360
81.641360544
82.094149659
82.523718820
82.964897959
83.394467120
83.626666666
83.812426303
84.265215419
84.683174603
84.903764172
85.112743764
85.542312925
85.983492063
86.865850340
87.283809523
87.736598639
87.910748299
88.131337868
88.351927437
88.560907029
89.396825396
89.838004535
90.267573696
91.115102040
91.533061224
92.392199546
92.833378684
94.098866213
94.516825396
95.642993197
96.269931972
97.117460317
98.835736961
99.764535147
99.985124716
100.101224489
100.786213151
100.925532879
101.088072562
101.215782312
101.389931972
101.552471655
101.703401360
101.865941043
102.063310657
102.980498866
103.444897959
103.862857142
104.292426303
104.733605442
105.209614512
105.604353741
106.498321995
106.939501133
107.357460317
107.798639455
108.007619047
108.216598639
108.425578231
108.646167800
108.843537414
109.052517006
109.946485260
110.794013605
111.223582766
111.664761904
112.268480725
112.523900226
112.988299319
113.278548752
113.441088435
113.998367346
114.160907029
114.253786848
114.671746031
114.880725623
115.101315192
115.728253968
115.960453514
116.842811791
117.295600907
117.713560090
118.143129251
118.352108843
118.561088435
118.746848072
118.955827664
119.164807256
119.408616780
120.290975056
120.732154195
121.161723356
121.591292517
121.800272108
122.009251700
122.206621315
122.624580498
122.856780045
123.715918367
124.586666666
125.027845804
125.469024943
126.095963718
126.316553287
127.605260770
128.034829931
128.870748299
129.486077097
129.718276643
130.612244897
131.030204081
131.482993197
131.912562358
132.109931972
132.318911564
132.516281179
132.725260770
132.934240362
133.166439909
134.048798185
134.513197278
134.931156462
135.349115646
135.569705215
135.778684807
135.987664399
136.196643990
136.405623582
136.637823129
137.496961451
138.367709750
138.820498866
139.238458049
139.900226757
140.155646258
140.596825396
141.038004535
141.943582766
142.407981859
142.825941043
143.673469387
144.474557823
145.995464852
146.541133786
147.156462585
148.015600907
148.236190476
148.514829931
148.956009070
149.130158730
151.800453514
152.032653061
