0.743038548
1.160997732
1.578956916
2.414875283
3.250793650
4.075102040
4.911020408
5.758548752
6.211337868
7.407165532
8.254693877
9.079002267
9.914920634
10.321269841
10.750839002
11.575147392
12.411065759
14.082902494
14.918820861
15.743129251
16.579047619
17.414965986
18.250884353
19.086802721
20.758639455
21.582947845
22.407256235
22.825215419
23.254784580
24.079092970
24.915011337
25.321360544
25.750929705
27.411156462
28.247074829
29.082993197
29.918911564
30.754829931
31.579138321
32.415056689
34.086893424
34.911201814
35.747120181
36.583038548
37.407346938
38.243265306
39.079183673
44.710022675
47.008798185
47.415147392
47.833106575
48.042086167
48.251065759
48.669024943
49.086984126
49.713922902
49.911292517
50.131882086
50.340861678
50.747210884
51.165170068
51.374149659
51.583129251
52.001088435
52.419047619
53.057596371
53.463945578
53.672925170
53.881904761
54.079274376
54.717823129
54.915192743
55.344761904
55.751111111
56.180680272
56.389659863
56.587029478
57.016598639
57.411337868
58.038276643
58.258866213
58.665215419
59.083174603
60.151292517
60.348662131
60.557641723
60.755011337
61.381950113
61.590929705
62.008888888
62.415238095
63.262766439
63.889705215
64.087074829
64.714013605
64.841723356
64.922993197
65.340952380
65.747301587
67.012789115
67.221768707
67.430748299
68.057687074
68.266666666
68.475646258
68.673015873
69.090975056
69.729523809
69.926893424
70.762811791
71.587120181
72.411428571
73.049977324
73.305396825
73.676916099
74.094875283
74.721814058
74.919183673
75.755102040
76.184671201
76.591020408
77.008979591
77.322448979
77.426938775
78.053877551
78.262857142
78.878185941
79.087165532
79.725714285
80.770612244
81.176961451
81.594920634
82.430839002
82.848798185
83.150657596
83.266757369
83.905306122
84.091065759
84.718004535
84.926984126
85.344943310
85.658412698
85.751292517
87.016780045
88.050068027
90.337233560
91.382131519
92.009070294
93.042358276
93.460317460
93.669297052
93.878276643
94.087256235
94.714195011
94.923174603
95.341133786
95.445623582
95.759092970
96.177052154
96.386031746
96.595011337
96.803990929
97.012970521
97.221950113
97.419319727
98.046258503
98.255238095
98.673197278
99.091156462
99.718095238
100.136054421
100.333424036
100.554013605
100.751383219
101.180952380
101.389931972
101.587301587
102.005260770
102.423219954
102.841179138
103.061768707
103.259138321
104.095056689
104.721995464
104.930975056
105.766893424
106.811791383
107.032380952
107.427120181
108.054058956
108.274648526
109.087346938
109.714285714
109.934875283
110.341224489
110.759183673
111.386122448
111.595102040
112.013061224
112.210430839
112.431020408
113.510748299
114.102857142
114.729795918
114.938775510
115.356734693
115.763083900
116.599002267
117.434920634
118.050249433
118.270839002
118.677188208
119.095147392
120.140045351
120.349024943
120.766984126
121.602902494
122.427210884
122.845170068
123.263129251
123.681088435
123.924897959
124.099047619
124.725986394
125.770884353
126.815782312
127.013151927
127.431111111
128.267029478
129.102947845
129.729886621
130.565804988
130.763174603
131.401723356
131.599092970
132.028662131
132.423401360
133.038730158
133.688888888
